{
  "height": 48,
  "width": 112,
  "x": 886.234375,
  "y": 963.203125
}