{
  "height": 18,
  "width": 18,
  "x": 770.421875,
  "y": 1093.59375
}