{
  "height": 48,
  "width": 112,
  "x": 886.234375,
  "y": 1129.59375
}